7.660095065371018697e-01,-6.786635484621797332e+00
7.716692588143090337e-01,-5.627685385418203623e+00
7.773290110915161977e-01,-4.732001854281634223e+00
7.829887633687233617e-01,-5.935278357491370116e+00
7.886485156459305257e-01,-4.098208361325532678e+00
7.943082679231376897e-01,-3.620485332063935857e+00
7.999680202003448537e-01,-2.542802735984309948e+00
8.056277724775520177e-01,-3.386854039366198776e+00
8.112875247547591817e-01,-1.760332708488249409e+00
8.169472770319663457e-01,-4.039932209628886994e+00
8.226070293091735097e-01,-3.492346009067659907e+00
8.282667815863807848e-01,-2.046267573082559466e+00
8.339265338635878377e-01,1.916096320472888692e-01
8.395862861407951128e-01,1.535921400430879658e-01
8.452460384180022768e-01,-5.330135153740229725e-01
8.509057906952094408e-01,6.250991995168533322e-01
8.565655429724164938e-01,2.492236818437731927e+00
8.622252952496237688e-01,3.528705875109494627e+00
8.678850475268309328e-01,1.629812903253196055e+00
8.735447998040380968e-01,2.800864436589904471e+00
8.792045520812451498e-01,3.481167008840884591e+00
8.848643043584524248e-01,3.999027153727865880e+00
8.905240566356595888e-01,3.294751404971179909e+00
8.961838089128667528e-01,2.561646296292906300e+00
9.018435611900738058e-01,2.820018361413417551e+00
9.075033134672810808e-01,5.423174134054761453e+00
9.131630657444882448e-01,5.488420147937404181e+00
9.188228180216954089e-01,4.091062936783259829e+00
9.244825702989024618e-01,5.617409034312913718e+00
9.301423225761097369e-01,6.396764974247730606e+00
9.358020748533169009e-01,6.205437290309077980e+00
9.414618271305239539e-01,5.366732516218121418e+00
9.471215794077312289e-01,4.345957185695851877e+00
9.527813316849383929e-01,5.210417832463690502e+00
9.584410839621455569e-01,7.222420990242881089e+00
9.641008362393528319e-01,6.762273192754719275e+00
9.697605885165598849e-01,7.031280973719844951e+00
9.754203407937670489e-01,6.483750866859963935e+00
9.810800930709743239e-01,6.674989405896326389e+00
9.867398453481812659e-01,6.403303124549779568e+00
9.923995976253885409e-01,7.033998556541632752e+00
9.980593499025957049e-01,6.245357972564420379e+00
1.003719102179802869e+00,7.421566591193823115e+00
1.009378854457010144e+00,7.429785367977387978e+00
1.015038606734217197e+00,6.918175258462042621e+00
1.020698359011424472e+00,6.020897218194932066e+00
1.026358111288631525e+00,6.121112202722997608e+00
1.032017863565838578e+00,6.835981167593672581e+00
1.037677615843045853e+00,5.801665068353713650e+00
1.043337368120253128e+00,5.255324860550672383e+00
1.048997120397460181e+00,7.060121499731621952e+00
1.054656872674667456e+00,7.278215941443590964e+00
1.060316624951874509e+00,7.063769141233365190e+00
1.065976377229081784e+00,6.919942054648572594e+00
1.071636129506288837e+00,6.496895637236207222e+00
1.077295881783495890e+00,6.570790844543353160e+00
1.082955634060703165e+00,7.210788632117328234e+00
1.088615386337910440e+00,7.771049955504736317e+00
1.094275138615117493e+00,7.997735770253029841e+00
1.099934890892324768e+00,7.266007031909680336e+00
1.105594643169532043e+00,7.173024696021116142e+00
1.111254395446739096e+00,7.456942374547907093e+00
1.116914147723946371e+00,7.401884305101361861e+00
1.122573900001153202e+00,7.343967381705624575e+00
1.128233652278360477e+00,7.334308498385212260e+00
1.133893404555567752e+00,6.885024549163858865e+00
1.139553156832775027e+00,7.276232428066464308e+00
1.145212909109982080e+00,7.410049029117317332e+00
1.150872661387189355e+00,8.045591246340336511e+00
1.156532413664396408e+00,8.073975973759957014e+00
1.162192165941603683e+00,6.909320105400524881e+00
1.167851918218810514e+00,5.719740535286405247e+00
1.173511670496017789e+00,5.693354157441604002e+00
1.179171422773225064e+00,5.231277865891001966e+00
1.184831175050432339e+00,4.578628554658166649e+00
1.190490927327639392e+00,5.337523117767773329e+00
1.196150679604846667e+00,6.548078449244144394e+00
1.201810431882053720e+00,7.098411443111331209e+00
1.207470184159260995e+00,6.929638993393950841e+00
1.213129936436468048e+00,5.775877994115830916e+00
1.218789688713675101e+00,4.451245339301749482e+00
1.224449440990882376e+00,3.793851523553826155e+00
1.230109193268089651e+00,3.654781443782894712e+00
1.235768945545296704e+00,3.733113597480269163e+00
1.241428697822503979e+00,3.337926482135003425e+00
1.247088450099711032e+00,3.191298595236617075e+00
1.252748202376918307e+00,2.870308434275557374e+00
1.258407954654125360e+00,2.500034496740795475e+00
1.264067706931332413e+00,2.752555280122578552e+00
1.269727459208539688e+00,2.547949281910746322e+00
1.275387211485746963e+00,1.932294999594773799e+00
1.281046963762954238e+00,1.505670930664450680e+00
1.286706716040161291e+00,1.034155572609620322e+00
1.292366468317368344e+00,6.838274229199896581e-01
1.298026220594575619e+00,8.997649790851482976e-01
1.303685972871782672e+00,2.023046738595553506e+00
1.309345725148989725e+00,2.586751198939850838e+00
1.315005477426197000e+00,1.746956857608893188e+00
1.320665229703404275e+00,3.307422120917635766e-01
1.326324981980611550e+00,-6.781424012160641723e-02
1.331984734257818603e+00,1.085365998458883041e+00
1.337644486535025878e+00,1.748357841989104600e+00
1.343304238812232931e+00,1.306221871293132608e+00
1.348963991089440206e+00,7.000150838622403171e-01
1.354623743366647259e+00,-4.372055228134286153e-01
1.360283495643854312e+00,-1.441382951242985655e+00
1.365943247921061587e+00,-1.137460203936029757e+00
1.371603000198268862e+00,-8.483802834010703009e-01
1.377262752475475915e+00,-1.455086192148428381e+00
1.382922504752683190e+00,-2.235520932687109052e+00
1.388582257029890243e+00,-3.098627507525748115e+00
1.394242009307097518e+00,-2.714348919174199182e+00
1.399901761584304571e+00,-2.875628170141794726e+00
1.405561513861511624e+00,-3.567408262937760810e+00
1.411221266138718899e+00,-3.401632200071617262e+00
1.416881018415926174e+00,-2.383242984052003521e+00
1.422540770693133449e+00,-2.845183617388897801e+00
1.428200522970340502e+00,-3.439397102591328803e+00
1.433860275247547555e+00,-3.391826442168849098e+00
1.439520027524754830e+00,-2.980414638630577429e+00
1.445179779801961883e+00,-3.322104694485460641e+00
1.450839532079168936e+00,-3.791842138981223798e+00
1.456499284356376211e+00,-4.138582608315800826e+00
1.462159036633583487e+00,-4.712284265426092134e+00
1.467818788910790762e+00,-5.660905273247635705e+00
1.473478541187997815e+00,-6.559403794717013625e+00
1.479138293465204868e+00,-6.512737992770894380e+00
1.484798045742412143e+00,-6.569866030344655883e+00
1.490457798019619196e+00,-6.396746070375229465e+00
1.496117550296826471e+00,-6.214336275798928000e+00
1.501777302574033524e+00,-6.400594809551535036e+00
1.507437054851240799e+00,-5.879479834569792729e+00
1.513096807128448074e+00,-6.424949513789670164e+00
1.518756559405655127e+00,-6.309962010147614819e+00
1.524416311682862180e+00,-5.767475486579542121e+00
1.530076063960069233e+00,-6.258448106022342472e+00
1.535735816237276508e+00,-6.949838031411673001e+00
1.541395568514483783e+00,-7.275603425684039394e+00
1.547055320791690836e+00,-6.788702451775748159e+00
1.552715073068898111e+00,-6.069093272622808399e+00
1.558374825346105386e+00,-5.372734051162183277e+00
1.564034577623312661e+00,-6.393584644128623040e+00
1.569694329900519714e+00,-8.262611683454906597e+00
1.575354082177726545e+00,-8.704783494872231131e+00
1.581013834454933820e+00,-8.901068404112493226e+00
1.586673586732141095e+00,-9.518434736907465776e+00
1.592333339009348148e+00,-9.068850818988380524e+00
1.597993091286555423e+00,-8.438284976086947609e+00
1.603652843563762698e+00,-8.380705533934929008e+00
1.609312595840969973e+00,-8.500080818263768379e+00
1.614972348118177026e+00,-8.169379154805142207e+00
1.620632100395383857e+00,-7.993568869290356815e+00
1.626291852672591132e+00,-8.811618287451437936e+00
1.631951604949798407e+00,-9.217495735019838321e+00
1.637611357227005682e+00,-9.300169537727128954e+00
1.643271109504212735e+00,-8.895608021304951762e+00
1.648930861781420010e+00,-8.884779511484566683e+00
1.654590614058627285e+00,-9.692652333998125869e+00
1.660250366335834338e+00,-1.002619481457713846e+01
1.665910118613041169e+00,-9.745375278952906228e+00
1.671569870890248444e+00,-8.860162052857049275e+00
1.677229623167455719e+00,-8.649524665650687894e+00
1.682889375444662994e+00,-9.023437461214143696e+00
1.688549127721870047e+00,-9.237875987055076621e+00
1.694208879999077322e+00,-8.906815790684049716e+00
1.699868632276284597e+00,-8.722232419609213139e+00
1.705528384553491872e+00,-8.398101421340356865e+00
1.711188136830698925e+00,-7.800398343386063971e+00
1.716847889107905756e+00,-7.789098733255514162e+00
1.722507641385113031e+00,-8.058178138458060857e+00
1.728167393662320306e+00,-8.047612106502469942e+00
1.733827145939527359e+00,-7.602376184898275824e+00
1.739486898216734634e+00,-7.197445921154439930e+00
1.745146650493941909e+00,-6.865796862779802723e+00
1.750806402771149184e+00,-6.331404557283690337e+00
1.756466155048356237e+00,-6.629244552175350691e+00
1.762125907325563068e+00,-6.646292394963666084e+00
1.767785659602770343e+00,-6.385523633157959011e+00
1.773445411879977618e+00,-5.144913814266828922e+00
1.779105164157184893e+00,-3.873438485800193121e+00
1.784764916434391946e+00,-3.170073195266354560e+00
1.790424668711599221e+00,-2.892794354642774124e+00
1.796084420988806496e+00,-2.405581833776750500e+00
1.801744173266013549e+00,-1.839416366984096385e+00
1.807403925543220380e+00,-9.862786885797731884e-01
1.813063677820427655e+00,-4.991495328795281239e-01
1.818723430097634930e+00,-5.090096341987191408e-01
1.824383182374842205e+00,-2.988397268527478445e-01
1.830042934652049258e+00,3.633794548430842042e-01
1.835702686929256533e+00,1.841667176573082543e+00
1.841362439206463808e+00,3.169042704021876489e+00
1.847022191483671083e+00,3.640525302874380031e+00
1.852681943760877692e+00,4.162134238814587661e+00
1.858341696038084967e+00,4.651888777527801722e+00
1.864001448315292242e+00,5.325808184697621073e+00
1.869661200592499517e+00,6.186911726009498125e+00
1.875320952869706570e+00,7.315218667147860288e+00
1.880980705146913845e+00,8.930748273796780268e+00
1.886640457424121120e+00,9.736519811641301203e+00
1.892300209701328395e+00,1.057055254636577502e+01
1.897959961978535226e+00,1.122486574365495926e+01
1.903619714255742279e+00,1.203147803274293892e+01
1.909279466532949554e+00,1.362840549706265847e+01
1.914939218810156829e+00,1.434466358359713922e+01
1.920598971087364104e+00,1.466826773932939432e+01
1.926258723364571157e+00,1.528123341124160106e+01
1.931918475641778432e+00,1.723657604631705453e+01
1.937578227918985707e+00,1.875631109153812304e+01
1.943237980196192538e+00,1.944945399388734586e+01
1.948897732473399591e+00,2.056502020034815814e+01
1.954557484750606866e+00,2.180602515790303642e+01
1.960217237027814141e+00,2.292348431353468641e+01
1.965876989305021416e+00,2.401541311422590752e+01
1.971536741582228469e+00,2.491682700695957919e+01
1.977196493859435744e+00,2.487074143871825527e+01
1.982856246136643019e+00,2.491317185648460963e+01
1.988515998413849850e+00,2.603213370724176912e+01
1.994175750691056903e+00,2.744264243797226754e+01
1.999835502968264178e+00,2.830171349565887340e+01
2.005495255245471231e+00,2.895136232728441428e+01
2.011155007522678506e+00,2.995360437983185875e+01
2.016814759799885781e+00,3.102745462409620814e+01
2.022474512077093056e+00,3.201792612612541689e+01
2.028134264354300331e+00,3.313803147577925756e+01
2.033794016631507162e+00,3.437978326291749909e+01
2.039453768908714437e+00,3.555719407740048155e+01
2.045113521185921712e+00,3.573527650908818032e+01
2.050773273463128987e+00,3.616604314784092367e+01
2.056433025740335818e+00,3.624450658351827315e+01
2.062092778017543093e+00,3.595667940598116274e+01
2.067752530294750368e+00,3.627357420508860741e+01
2.073412282571957643e+00,3.708620357070128648e+01
2.079072034849164918e+00,3.857658009267913712e+01
2.084731787126371749e+00,3.994771636088216837e+01
2.090391539403579024e+00,4.069962496517052841e+01
2.096051291680786299e+00,4.042031849540433086e+01
2.101711043957993130e+00,4.007280954144334828e+01
2.107370796235200405e+00,3.950711069314820634e+01
2.113030548512407680e+00,3.978523454037838292e+01
2.118690300789614955e+00,4.093419367299429723e+01
2.124350053066822230e+00,4.212900068085582461e+01
2.130009805344029061e+00,4.265566779162429611e+01
2.135669557621236336e+00,4.328720578416653098e+01
2.141329309898443611e+00,4.370062507515012840e+01
2.146989062175650442e+00,4.407393608124232287e+01
2.152648814452857717e+00,4.404714921911113379e+01
2.158308566730064992e+00,4.448327490542453688e+01
2.163968319007272267e+00,4.553432355685004040e+01
2.169628071284479542e+00,4.620330559005549276e+01
2.175287823561686373e+00,4.665823142170802384e+01
2.180947575838893648e+00,4.680311146847611781e+01
2.186607328116100923e+00,4.712795614702736202e+01
2.192267080393308198e+00,4.790277587402931658e+01
2.197926832670515029e+00,4.868758106614961889e+01
2.203586584947722304e+00,4.948038214005612190e+01
2.209246337224929579e+00,4.925218951241640752e+01
2.214906089502136854e+00,4.938701359989829598e+01
2.220565841779343685e+00,5.007186481916983212e+01
2.226225594056550960e+00,5.053475358689809127e+01
2.231885346333758235e+00,5.061569031975147936e+01
2.237545098610965510e+00,5.078968543439714267e+01
2.243204850888172341e+00,5.082674906812314930e+01
2.248864603165379616e+00,5.145489024069786410e+01
2.254524355442586891e+00,5.206211769251001442e+01
2.260184107719794167e+00,5.206544016394752816e+01
2.265843859997000997e+00,5.220386639539935913e+01
2.271503612274208272e+00,5.272140512725377448e+01
2.277163364551415548e+00,5.321006509989899769e+01
2.282823116828622823e+00,5.405485505372416810e+01
2.288482869105829653e+00,5.423778372911715451e+01
2.294142621383036929e+00,5.460885986646644596e+01
2.299802373660244204e+00,5.470309220616093171e+01
2.305462125937451479e+00,5.480648948858890890e+01
2.311121878214658310e+00,5.509506045413854736e+01
2.316781630491865585e+00,5.532481384319862627e+01
2.322441382769072860e+00,5.563975839615761743e+01
2.328101135046280135e+00,5.598490285340392347e+01
2.333760887323487410e+00,5.588725595532616808e+01
2.339420639600694241e+00,5.571682644231236736e+01
2.345080391877901516e+00,5.549762305475144331e+01
2.350740144155108791e+00,5.557965453303165759e+01
2.356399896432315622e+00,5.597492939924825350e+01
2.362059648709522897e+00,5.617645530232243800e+01
2.367719400986730172e+00,5.631523967288251242e+01
2.373379153263937447e+00,5.633328994155647251e+01
2.379038905541144722e+00,5.666561353897236586e+01
2.384698657818351553e+00,5.676521789575781440e+01
2.390358410095558828e+00,5.796711044254152512e+01
2.396018162372766103e+00,5.842129860995157742e+01
2.401677914649972934e+00,5.742578982861539316e+01
2.407337666927180209e+00,5.684059152916165658e+01
2.412997419204387484e+00,5.616171114221776861e+01
2.418657171481594759e+00,5.531215609841262904e+01
2.424316923758802034e+00,5.496193382837304853e+01
2.429976676036008865e+00,5.469905176272845893e+01
2.435636428313216140e+00,5.491751733210639941e+01
2.441296180590423415e+00,5.507033796713471929e+01
2.446955932867630690e+00,5.539252109844142069e+01
2.452615685144837521e+00,5.573807415665487497e+01
2.458275437422044796e+00,5.631200457240299784e+01
2.463935189699252071e+00,5.640431977631362770e+01
2.469594941976459346e+00,5.632102702646523085e+01
2.475254694253666621e+00,5.586513289073468513e+01
2.480914446530873452e+00,5.576164376444955906e+01
2.486574198808080727e+00,5.640556604293703913e+01
2.492233951085288002e+00,5.711990612152442282e+01
2.497893703362495277e+00,5.710867039553897939e+01
2.503553455639702552e+00,5.678986526030837467e+01
2.509213207916909383e+00,5.721949711115917125e+01
2.514872960194116658e+00,5.769257234341932872e+01
2.520532712471323933e+00,5.839509735241574617e+01
2.526192464748530764e+00,5.918607853347577930e+01
2.531852217025738039e+00,5.978252228192707207e+01
2.537511969302945314e+00,6.013343499309621620e+01
2.543171721580152589e+00,6.008482306231121584e+01
2.548831473857359864e+00,6.044369288489895098e+01
2.554491226134566695e+00,6.160205085618656540e+01
2.560150978411773970e+00,6.215490337150174582e+01
2.565810730688981245e+00,6.218925682617168604e+01
2.571470482966188076e+00,6.284111761552378539e+01
2.577130235243395351e+00,6.436349213488495025e+01
2.582789987520602626e+00,6.582638664174066889e+01
2.588449739797809901e+00,6.664280684220830153e+01
2.594109492075017176e+00,6.739275830456324456e+01
2.599769244352224007e+00,6.843024659708078161e+01
2.605428996629431282e+00,6.969727728803638911e+01
2.611088748906638557e+00,7.054485594570530793e+01
2.616748501183845832e+00,7.194098813836274076e+01
2.622408253461052663e+00,7.358367943428436320e+01
2.628068005738259938e+00,7.479093540174505961e+01
2.633727758015467213e+00,7.558476160902057472e+01
2.639387510292674488e+00,7.693316362438645228e+01
2.645047262569881319e+00,7.944914701611742203e+01
2.650707014847088594e+00,8.178971735248921959e+01
2.656366767124295869e+00,8.310488020177695034e+01
2.662026519401503144e+00,8.395264113225630354e+01
2.667686271678709975e+00,8.531300571220219808e+01
2.673346023955917250e+00,8.721197950989062520e+01
2.679005776233124525e+00,8.856056809359620274e+01
2.684665528510331800e+00,8.973977703159471275e+01
2.690325280787538631e+00,9.139761189216153525e+01
2.695985033064745906e+00,9.389807813238849121e+01
2.701644785341953181e+00,9.607318076463434409e+01
2.707304537619160456e+00,9.880492469007469936e+01
2.712964289896367287e+00,1.011093148098847223e+02
2.718624042173574562e+00,1.032613560252401612e+02
2.724283794450781837e+00,1.051880532373162396e+02
2.729943546727989112e+00,1.068644113472885238e+02
2.735603299005195943e+00,1.083404352563321709e+02
2.741263051282403218e+00,1.096921298656229737e+02
2.746922803559610493e+00,1.111415000763361149e+02
2.752582555836817768e+00,1.133295507896472145e+02
2.758242308114025043e+00,1.154582869067315869e+02
2.763902060391231874e+00,1.173137133287646066e+02
2.769561812668439149e+00,1.194438349569218190e+02
2.775221564945646424e+00,1.218276566923788096e+02
2.780881317222853699e+00,1.235521834363105427e+02
2.786541069500060530e+00,1.254074200898929803e+02
2.792200821777267805e+00,1.268413715543010767e+02
2.797860574054475080e+00,1.285440427307107711e+02
2.803520326331682355e+00,1.306254385202970525e+02
2.809180078608889186e+00,1.326975637337568514e+02
2.814839830886096461e+00,1.341604228198732471e+02
2.820499583163303736e+00,1.362150201369503293e+02
2.826159335440511011e+00,1.383403600432916392e+02
2.831819087717717842e+00,1.399614468972018813e+02
2.837478839994925117e+00,1.413582850569853235e+02
2.843138592272132392e+00,1.425678788809456137e+02
2.848798344549339667e+00,1.440262327273871961e+02
2.854458096826546498e+00,1.453123509546140895e+02
2.860117849103753773e+00,1.465882379209306237e+02
2.865777601380961048e+00,1.482978979846410539e+02
2.871437353658168323e+00,1.496303355040494125e+02
2.877097105935375154e+00,1.508365548374595164e+02
2.882756858212582429e+00,1.517035603431759228e+02
2.888416610489789704e+00,1.529313563795025175e+02
2.894076362766996979e+00,1.540079473047435386e+02
2.899736115044204254e+00,1.552473374772034731e+02
2.905395867321411085e+00,1.561115312551858096e+02
2.911055619598618360e+00,1.568605329969952891e+02
2.916715371875825635e+00,1.571593470609359429e+02
2.922375124153032466e+00,1.577869777310788777e+02
2.928034876430239741e+00,1.586454289945664868e+02
2.933694628707447016e+00,1.590447047643069709e+02
2.939354380984654291e+00,1.592408089532098074e+02
2.945014133261861566e+00,1.595977454741837391e+02
2.950673885539068397e+00,1.595495182401377861e+02
2.956333637816275672e+00,1.597571311639808300e+02
2.961993390093482947e+00,1.596115881586223395e+02
2.967653142370689778e+00,1.595448931369705861e+02
2.973312894647897053e+00,1.593870500119352300e+02
2.978972646925104328e+00,1.590590626964245757e+02
2.984632399202311603e+00,1.586769351033481144e+02
2.990292151479518878e+00,1.582776711456145904e+02
2.995951903756725709e+00,1.575072747361331267e+02
3.001611656033932984e+00,1.566077497878127360e+02
3.007271408311140259e+00,1.554971002135623621e+02
3.012931160588347090e+00,1.541113299262908640e+02
3.018590912865554365e+00,1.531564428389071963e+02
3.024250665142761640e+00,1.526144428643207220e+02
3.029910417419968915e+00,1.520533339154400210e+02
3.035570169697176190e+00,1.512581198438098227e+02
3.041229921974383466e+00,1.498048042555175243e+02
3.046889674251590296e+00,1.482053906952863827e+02
3.052549426528797571e+00,1.467718827078394952e+02
3.058209178806004402e+00,1.455262838379001096e+02
3.063868931083211677e+00,1.444885976301908386e+02
3.069528683360418952e+00,1.428878276294348098e+02
3.075188435637626228e+00,1.407369773803560520e+02
3.080848187914833503e+00,1.387390504276764887e+02
3.086507940192040778e+00,1.380300503161198549e+02
3.092167692469247608e+00,1.369859805904088716e+02
3.097827444746454884e+00,1.348978447952673605e+02
3.103487197023661714e+00,1.331266464754176013e+02
3.109146949300868989e+00,1.315943891755830464e+02
3.114806701578076265e+00,1.295420764404867668e+02
3.120466453855283540e+00,1.273117118148519467e+02
3.126126206132490815e+00,1.251922988434016588e+02
3.131785958409698090e+00,1.232358410708587826e+02
3.137445710686904921e+00,1.218623420419467038e+02
3.143105462964112196e+00,1.202008053013885274e+02
3.148765215241319471e+00,1.182302343428247013e+02
3.154424967518526302e+00,1.158366324555672691e+02
3.160084719795733577e+00,1.134400028778455862e+02
3.165744472072940852e+00,1.116473488478889067e+02
3.171404224350148127e+00,1.099176736039265734e+02
3.177063976627355402e+00,1.075939803841882849e+02
3.182723728904562677e+00,1.051422724269032187e+02
3.188383481181769508e+00,1.028765529703006223e+02
3.194043233458976783e+00,1.012748252526100714e+02
3.199702985736183614e+00,9.961709251206104909e+01
3.205362738013390889e+00,9.741935798688268733e+01
3.211022490290598164e+00,9.534162491530480565e+01
3.216682242567805439e+00,9.412789653555648783e+01
3.222341994845012714e+00,9.276417608586700680e+01
3.228001747122219989e+00,9.094946680446582832e+01
3.233661499399426820e+00,8.884477192958240721e+01
3.239321251676634095e+00,8.749709469944650664e+01
3.244981003953840926e+00,8.640943835228665648e+01
3.250640756231048201e+00,8.515480612633314195e+01
3.256300508508255476e+00,8.366120125981490219e+01
3.261960260785462751e+00,8.194462694816149906e+01
3.267620013062670026e+00,8.075208621560273059e+01
3.273279765339877301e+00,7.959958204356848910e+01
3.278939517617084132e+00,7.804811741348873966e+01
3.284599269894291407e+00,7.656569530679314539e+01
3.290259022171498238e+00,7.536131870491192331e+01
3.295918774448705513e+00,7.384999058927496662e+01
3.301578526725912788e+00,7.260471394131172929e+01
3.307238279003120063e+00,7.162849174245263839e+01
3.312898031280327338e+00,7.060532697412736525e+01
3.318557783557534613e+00,6.991422261776585856e+01
3.324217535834741888e+00,6.883718165479808704e+01
3.329877288111948719e+00,6.782820706665370381e+01
3.335537040389155550e+00,6.727630183476253478e+01
3.341196792666362825e+00,6.719546894055508801e+01
3.346856544943570100e+00,6.666071136546077014e+01
3.352516297220777375e+00,6.592903209090968630e+01
3.358176049497984650e+00,6.518743409833143687e+01
3.363835801775191925e+00,6.468092036915641074e+01
3.369495554052399200e+00,6.395149388481411279e+01
3.375155306329606031e+00,6.275215759065645216e+01
3.380815058606812862e+00,6.141391428772431027e+01
3.386474810884020137e+00,6.091776674098014155e+01
3.392134563161227412e+00,6.190171771538643952e+01
3.397794315438434687e+00,6.206276997590600786e+01
3.403454067715641962e+00,6.127692628750139647e+01
3.409113819992849237e+00,6.093918941513527443e+01
3.414773572270056512e+00,6.022856212376973417e+01
3.420433324547263343e+00,5.950504717836804502e+01
3.426093076824470174e+00,5.953864734389264868e+01
3.431752829101677449e+00,5.984436538530587768e+01
3.437412581378884724e+00,5.973220406757036471e+01
3.443072333656091999e+00,5.933516615564928998e+01
3.448732085933299274e+00,5.886225441450449125e+01
3.454391838210506549e+00,5.842247160909914783e+01
3.460051590487713824e+00,5.808382050439524846e+01
3.465711342764921099e+00,5.782330386535613798e+01
3.471371095042127486e+00,5.722092445694386242e+01
3.477030847319334761e+00,5.639468504412138827e+01
3.482690599596542036e+00,5.585458839185116631e+01
3.488350351873749311e+00,5.584263723451203987e+01
3.494010104150956586e+00,5.562783418414744574e+01
3.499669856428163861e+00,5.496018182221769166e+01
3.505329608705371136e+00,5.371968273018251239e+01
3.510989360982578411e+00,5.264233948950220565e+01
3.516649113259785242e+00,5.204515468163594960e+01
3.522308865536992073e+00,5.181713088804406198e+01
3.527968617814199348e+00,5.173627069018687052e+01
3.533628370091406623e+00,5.100857666952367708e+01
3.539288122368613898e+00,4.987005140751477938e+01
3.544947874645821173e+00,4.872169748561987035e+01
3.550607626923028448e+00,4.776551748529914221e+01
3.556267379200235723e+00,4.692651398801217510e+01
3.561927131477442554e+00,4.602768957521936954e+01
3.567586883754649385e+00,4.468804682837992459e+01
3.573246636031856660e+00,4.343558832895450905e+01
3.578906388309063935e+00,4.262231665840249661e+01
3.584566140586271210e+00,4.161623439818424686e+01
3.590225892863478485e+00,4.104434412975956548e+01
3.595885645140685760e+00,4.011364843458829910e+01
3.601545397417893035e+00,3.880814986806637990e+01
3.607205149695100310e+00,3.742285088133553472e+01
3.612864901972306697e+00,3.619075389947317944e+01
3.618524654249513972e+00,3.581486134755709827e+01
3.624184406526721247e+00,3.551817565066471616e+01
3.629844158803928522e+00,3.423569923387378822e+01
3.635503911081135797e+00,3.316243452226171939e+01
3.641163663358343072e+00,3.270138394090622569e+01
3.646823415635550347e+00,3.182654991488504947e+01
3.652483167912757622e+00,3.049093486927540653e+01
3.658142920189964009e+00,2.948554122915527387e+01
3.663802672467171284e+00,2.831037141960212011e+01
3.669462424744378559e+00,2.704342786569350210e+01
3.675122177021585834e+00,2.671971299250697029e+01
3.680781929298793109e+00,2.644922922512034802e+01
3.686441681576000384e+00,2.576597898861109570e+01
3.692101433853207659e+00,2.524796470805699755e+01
3.697761186130414934e+00,2.448918880853523206e+01
3.703420938407621765e+00,2.288265371512386537e+01
3.709080690684828596e+00,2.117936185290000140e+01
3.714740442962035871e+00,2.020931562461976227e+01
3.720400195239243146e+00,1.980251734375008255e+01
3.726059947516450421e+00,1.952096930143602549e+01
3.731719699793657252e+00,1.950167378882326830e+01
3.737379452070864971e+00,1.927063309705636129e+01
3.743039204348071802e+00,1.838084951728080796e+01
3.748698956625278633e+00,1.774832534064171341e+01
3.754358708902485908e+00,1.683806285828450200e+01
3.760018461179692739e+00,1.544706436135402328e+01
3.765678213456900458e+00,1.445333214099571251e+01
3.771337965734107289e+00,1.402386848835431010e+01
3.776997718011315008e+00,1.357767569457575974e+01
3.782657470288521839e+00,1.381775605080463265e+01
3.788317222565729558e+00,1.316311184818630409e+01
3.793976974842936389e+00,1.221774537786586734e+01
3.799636727120143220e+00,1.194665893098851939e+01
3.805296479397350495e+00,1.137485479869974370e+01
3.810956231674557326e+00,1.065933527214440346e+01
3.816615983951765045e+00,9.926102642467526493e+00
3.822275736228971876e+00,9.682159200814908218e+00
3.827935488506179595e+00,9.551507219124459880e+00
3.833595240783386426e+00,9.135148892507231722e+00
3.839254993060593257e+00,8.443086396867101939e+00
3.844914745337800976e+00,7.714321908108559001e+00
3.850574497615007363e+00,7.534857602135730303e+00
3.856234249892215082e+00,7.208695654852590451e+00
3.861894002169421913e+00,6.630838242163576979e+00
3.867553754446629632e+00,6.453287539972507147e+00
3.873213506723836463e+00,6.560045724183851235e+00
3.878873259001044183e+00,6.227114970701336460e+00
3.884533011278251013e+00,5.637497455429524962e+00
3.890192763555457844e+00,6.006195354272108489e+00
3.895852515832665119e+00,6.221210843133917479e+00
3.901512268109871950e+00,5.922546097918370833e+00
3.907172020387079669e+00,5.487203294530104358e+00
3.912831772664286500e+00,5.256184608873013531e+00
3.918491524941494220e+00,5.296492216851333978e+00
3.924151277218701050e+00,4.804128294369434116e+00
3.929811029495908770e+00,3.954095017330928385e+00
3.935470781773115601e+00,3.697394561640408028e+00
3.941130534050322431e+00,3.688029086602682582e+00
3.946790286327529707e+00,3.644000685127252837e+00
3.952450038604736537e+00,3.705311433523320375e+00
3.958109790881944257e+00,3.777963408101754794e+00
3.963769543159151088e+00,3.752958685172075093e+00
3.969429295436358807e+00,3.444299341044370522e+00
3.975089047713565638e+00,3.292987452028455664e+00
3.980748799990772469e+00,3.348025094434547100e+00
3.986408552267980188e+00,3.125414344572618575e+00
3.992068304545186574e+00,3.115157278752690218e+00
3.997728056822394294e+00,3.057255973284441097e+00
4.003387809099601569e+00,2.888712504478576193e+00
4.009047561376808844e+00,3.110528948644173397e+00
4.014707313654015230e+00,3.197707382091607542e+00
4.020367065931223394e+00,3.327249881131251641e+00
4.026026818208429781e+00,3.356158522072746564e+00
4.031686570485637056e+00,3.041435381225824131e+00
4.037346322762844331e+00,2.492082534900987412e+00
4.043006075040051606e+00,1.745102059407940942e+00
4.048665827317258881e+00,1.382496031057030450e+00
4.054325579594466156e+00,1.435266511752843144e+00
4.059985331871673431e+00,1.670415505781988941e+00
4.065645084148879818e+00,1.604945003025591177e+00
4.071304836426087093e+00,9.788569933650705934e-01
4.076964588703294368e+00,4.271534666818297410e-01
4.082624340980501643e+00,5.768364128572329719e-01
4.088284093257708918e+00,6.299078217725764262e-01
4.093943845534916193e+00,2.913696833089716165e-01
4.099603597812123468e+00,5.532239873480193637e-01
4.105263350089330743e+00,7.647272377107583452e-02
4.110923102366538018e+00,-1.758821175408229465e-01
4.116582854643744405e+00,1.551614532943403901e-01
4.122242606920951680e+00,4.336054261573281110e-01
4.127902359198158955e+00,-5.254820907055091084e-02
4.133562111475366230e+00,-1.060297462507605815e+00
4.139221863752573505e+00,-1.222640344272463153e+00
4.144881616029780780e+00,-1.471574864484182399e+00
4.150541368306988055e+00,-2.125099033261221848e+00
4.156201120584194442e+00,-1.862210860722143480e+00
4.161860872861401717e+00,-1.285908356985601131e+00
4.167520625138608992e+00,-1.459189544720175036e+00
4.173180377415816267e+00,-1.828052496791769954e+00
4.178840129693023542e+00,-1.991495298616655418e+00
4.184499881970230817e+00,-2.339516035610813560e+00
4.190159634247438092e+00,-2.374112793190192860e+00
4.195819386524645367e+00,-2.383283656770800008e+00
4.201479138801852642e+00,-2.647026711768717178e+00
4.207138891079059029e+00,-2.928340043599973797e+00
4.212798643356266304e+00,-3.064221737680213664e+00
4.218458395633473579e+00,-3.464669879425514409e+00
4.224118147910680854e+00,-3.932682554252551199e+00
4.229777900187888129e+00,-3.895257847576772292e+00
4.235437652465095404e+00,-4.231393844813965188e+00
4.241097404742302679e+00,-4.085088631380244806e+00
4.246757157019509954e+00,-4.334340292692218100e+00
4.252416909296717229e+00,-4.702146914165041380e+00
4.258076661573923616e+00,-4.789506581215164260e+00
4.263736413851130891e+00,-4.731417379258346045e+00
4.269396166128338166e+00,-4.667877393711023615e+00
4.275055918405545441e+00,-4.778884709988574286e+00
4.280715670682752716e+00,-5.273437424481357993e+00
4.286375422959959991e+00,-4.944533677473941680e+00
4.292035175237167266e+00,-4.070171620225551123e+00
4.297694927514373653e+00,-3.710349403994996464e+00
4.303354679791580928e+00,-3.705065180040719497e+00
4.309014432068788203e+00,-3.960317099621875059e+00
4.314674184345995478e+00,-3.876103313997532496e+00
4.320333936623202753e+00,-3.774421974425990811e+00
4.325993688900410028e+00,-4.031271232166204754e+00
4.331653441177616415e+00,-4.893649238477223662e+00
4.337313193454824578e+00,-5.837554144617797647e+00
4.342972945732030965e+00,-5.405984101846797785e+00
4.348632698009238240e+00,-5.142937261423185191e+00
4.354292450286445515e+00,-5.412411774605402570e+00
4.359952202563652790e+00,-4.901405792652553828e+00
4.365611954840860065e+00,-5.187917466823705581e+00
4.371271707118066452e+00,-5.558944948377302353e+00
4.376931459395274615e+00,-5.285486388572167016e+00
4.382591211672481002e+00,-5.267539938667368915e+00
4.388250963949689165e+00,-5.435103749921722738e+00
4.393910716226895552e+00,-5.061175983223733965e+00
4.399570468504102827e+00,-5.248754837980072807e+00
4.405230220781310102e+00,-5.760838523227221231e+00
4.410889973058517377e+00,-5.506425248001846739e+00
4.416549725335724652e+00,-5.537513221340532255e+00
4.422209477612931039e+00,-5.506100652279769747e+00
4.427869229890139202e+00,-5.616185749855503673e+00
4.433528982167345589e+00,-5.508766723105168239e+00
4.439188734444552864e+00,-5.598841781064606948e+00
4.444848486721760139e+00,-5.472409132770621909e+00
4.450508238998967414e+00,-4.736466987259518646e+00
4.456167991276174689e+00,-4.421013553567718191e+00
4.461827743553381076e+00,-4.031047040732119058e+00
4.467487495830589239e+00,-3.963565657788876706e+00
4.473147248107795626e+00,-3.975567613774728670e+00
4.478807000385003789e+00,-3.651051117725955919e+00
4.484466752662210176e+00,-3.600014378679361471e+00
4.490126504939417451e+00,-3.587455605671038938e+00
4.495786257216624726e+00,-3.356373007737829539e+00
4.501446009493832001e+00,-3.548764793916120652e+00
4.507105761771039276e+00,-3.957629181720562883e+00
4.512765514048245663e+00,-4.183964422579379061e+00
4.518425266325453826e+00,-4.166768776398157570e+00
4.524085018602660213e+00,-4.544040503083465410e+00
4.529744770879868376e+00,-3.992777862541174727e+00
4.535404523157074763e+00,-3.485979114677547841e+00
4.541064275434282038e+00,-3.478642519398704280e+00
4.546724027711489313e+00,-2.520766336610677172e+00
4.552383779988695700e+00,-2.613348826219635157e+00
4.558043532265903863e+00,-3.143388248131714136e+00
4.563703284543110250e+00,-3.480882862252769883e+00
4.569363036820318413e+00,-3.577830928489333928e+00
4.575022789097524800e+00,-3.739230706747548538e+00
4.580682541374732075e+00,-3.694080456933193091e+00
4.586342293651939350e+00,-2.820378438952502620e+00
4.592002045929146625e+00,-2.578122912711592107e+00
4.597661798206353900e+00,-2.070312138116719325e+00
4.603321550483560287e+00,-1.678944375074024720e+00
4.608981302760768450e+00,-1.830017883489290398e+00
4.614641055037974837e+00,-2.252530923268864171e+00
4.620300807315183000e+00,-2.731481761807003750e+00
4.625960559592389387e+00,-2.485868696450438620e+00
4.631620311869596662e+00,-2.180690032033680836e+00
4.637280064146803937e+00,-1.264944073391802704e+00
4.642939816424011212e+00,-8.716291253592771682e-01
4.648599568701218487e+00,-8.087434927709864496e-01
4.654259320978424874e+00,-1.513285480462059240e+00
4.659919073255633037e+00,-1.545253393266534658e+00
4.665578825532839424e+00,-1.067645536019654173e+00
4.671238577810047587e+00,-9.244602135560171519e-01
4.676898330087253974e+00,-8.236957307105967629e-01
4.682558082364461249e+00,-5.853503923179914636e-01
4.688217834641668524e+00,-4.844225032127269515e-01
4.693877586918874911e+00,-2.599103682300665241e-01
4.699537339196083074e+00,-1.658122922043503422e-01
4.705197091473289461e+00,1.188734200292174137e-01
4.710856843750497625e+00,3.651484636366149061e-01
4.716516596027704011e+00,6.030145337822432339e-01
4.722176348304911286e+00,5.344733256318932035e-01
4.727836100582118561e+00,3.935265343504852353e-01
4.733495852859325836e+00,3.031758484694364597e-01
4.739155605136533111e+00,3.104229299841563261e-01
4.744815357413739498e+00,7.802694342556151241e-01
4.750475109690947662e+00,1.611717016645684453e+00
4.756134861968154048e+00,2.291767332515291855e+00
4.761794614245362212e+00,2.625422037226257999e+00
4.767454366522568598e+00,2.300682786139304881e+00
4.773114118799775873e+00,2.084551234616469628e+00
4.778773871076983148e+00,2.189029038018702522e+00
4.784433623354189535e+00,2.877117851707225782e+00
4.790093375631397699e+00,2.926819331043930106e+00
4.795753127908604085e+00,2.721135131389587514e+00
4.801412880185812249e+00,3.014066908105746734e+00
4.807072632463018635e+00,3.895616316553969227e+00
4.812732384740226799e+00,4.021785012095392631e+00
4.818392137017433186e+00,3.088574650091345575e+00
4.824051889294640461e+00,3.369986885903472285e+00
4.829711641571847736e+00,3.786023374892693028e+00
4.835371393849054122e+00,3.538685772420535613e+00
4.841031146126262286e+00,3.888975733848837990e+00
4.846690898403468672e+00,4.858894908645652322e+00
4.852350650680676836e+00,5.164444922711140862e+00
4.858010402957883223e+00,5.188627396051288088e+00
4.863670155235090498e+00,5.171443948673413615e+00
4.869329907512297773e+00,5.815896200584347753e+00
4.874989659789504159e+00,6.094985771790675244e+00
4.880649412066712323e+00,5.861714282299431034e+00
4.886309164343918710e+00,5.791083352117539107e+00
4.891968916621126873e+00,5.899094601251931635e+00
4.897628668898333260e+00,5.984749649708987818e+00
4.903288421175541423e+00,6.137050117495732593e+00
4.908948173452747810e+00,6.621997624619098133e+00
4.914607925729955085e+00,6.753593791085791054e+00
4.920267678007162360e+00,6.600840236902854485e+00
4.925927430284368747e+00,6.514738582077029605e+00
4.931587182561576910e+00,6.567290446614947541e+00
4.937246934838783297e+00,6.436497450523802399e+00
4.942906687115991460e+00,6.082361213810372647e+00
4.948566439393197847e+00,6.014883356480936527e+00
4.954226191670406010e+00,6.563065498543210197e+00
4.959885943947612397e+00,6.752909254748828971e+00
4.965545696224819672e+00,6.435416218831733204e+00
4.971205448502026947e+00,6.203587979272015218e+00
4.976865200779233334e+00,6.158426124548668668e+00
4.982524953056441497e+00,6.029932243141502113e+00
4.988184705333647884e+00,5.920107923529485561e+00
4.993844457610856047e+00,6.254954754192567634e+00
4.999504209888062434e+00,6.465474323609896601e+00
5.005163962165269709e+00,6.617668220261066381e+00
5.010823714442476984e+00,7.199538032625810047e+00
5.016483466719683371e+00,7.318085349182979371e+00
5.022143218996891534e+00,6.685311758412808558e+00
5.027802971274097921e+00,6.069218848794093901e+00
5.033462723551306084e+00,6.389808208806812218e+00
5.039122475828512471e+00,7.118081426929961708e+00
5.044782228105720634e+00,7.108040091643374581e+00
5.050441980382927021e+00,6.523685791426487413e+00
5.056101732660134296e+00,6.559020114758482123e+00
5.061761484937341571e+00,7.088044650119172729e+00
5.067421237214547958e+00,6.891760985987843924e+00
5.073080989491756121e+00,6.389170706170148151e+00
5.078740741768962508e+00,5.788275375776720466e+00
5.084400494046170671e+00,5.504076555244182600e+00
5.090060246323377058e+00,6.012575805009078067e+00
5.095719998600585221e+00,6.207774685508752555e+00
5.101379750877791608e+00,5.833674757178755499e+00
5.107039503154997995e+00,5.959277580456841861e+00
5.112699255432206158e+00,5.968584715779456928e+00
5.118359007709412545e+00,6.036597723582758590e+00
5.124018759986620708e+00,6.658318164304205311e+00
5.129678512263827095e+00,6.791747598379970441e+00
5.135338264541035258e+00,6.818887586247001309e+00
5.140998016818241645e+00,7.609739688341733199e+00
5.146657769095448920e+00,7.980305465101309892e+00
5.152317521372656195e+00,7.867586476961946573e+00
5.157977273649862582e+00,7.699584284360639685e+00
5.163637025927070745e+00,8.004300447734181034e+00
5.169296778204277132e+00,8.360736527518952244e+00
5.174956530481485295e+00,8.728894084152102550e+00
5.180616282758691682e+00,8.963774678069626134e+00
5.186276035035899845e+00,9.380379865451004662e+00
5.191935787313106232e+00,9.787711185442617534e+00
5.197595539590312619e+00,1.010077017293383506e+01
5.203255291867520782e+00,1.026055836281398115e+01
5.208915044144727169e+00,1.064107728997180402e+01
5.214574796421935332e+00,1.101032848929639840e+01
5.220234548699141719e+00,1.182831349567663892e+01
5.225894300976349882e+00,1.217203384400215782e+01
5.231554053253556269e+00,1.176149106916136589e+01
5.237213805530764432e+00,1.207668670604368799e+01
5.242873557807970819e+00,1.317862228953788417e+01
5.248533310085177206e+00,1.383529935453339021e+01
5.254193062362385369e+00,1.412771943591906165e+01
5.259852814639591756e+00,1.435488406858382859e+01
5.265512566916799919e+00,1.468979478741709954e+01
5.271172319194006306e+00,1.484645312730754085e+01
5.276832071471214469e+00,1.494686062314474384e+01
5.282491823748420856e+00,1.518801880981698105e+01
5.288151576025628131e+00,1.551192922221400750e+01
5.293811328302835406e+00,1.658859339522462051e+01
5.299471080580041793e+00,1.720701286018822884e+01
5.305130832857249956e+00,1.742018913424681159e+01
5.310790585134456343e+00,1.796812373099180604e+01
5.316450337411664506e+00,1.879281816401578453e+01
5.322110089688870893e+00,1.881227394691052268e+01
5.327769841966079056e+00,1.935549259326819538e+01
5.333429594243285443e+00,1.983847561668062554e+01
5.339089346520491830e+00,2.012122453074005080e+01
5.344749098797699993e+00,2.072074084903874791e+01
5.350408851074906380e+00,2.111902608516805913e+01
5.356068603352114543e+00,2.130908175272071503e+01
5.361728355629320930e+00,2.170090936528833936e+01
5.367388107906529093e+00,2.301451043646329708e+01
5.373047860183735480e+00,2.344988647983734609e+01
5.378707612460943643e+00,2.413303900900274357e+01
5.384367364738150030e+00,2.466596953755146160e+01
5.390027117015356417e+00,2.496067957907519030e+01
5.395686869292564580e+00,2.513917064716667937e+01
5.401346621569770967e+00,2.544944425541734745e+01
5.407006373846979130e+00,2.710750191741965409e+01
5.412666126124185517e+00,2.832134514255545810e+01
5.418325878401393680e+00,2.930197542336878769e+01
5.423985630678600067e+00,2.925039424819209444e+01
5.429645382955807342e+00,2.925860310535938424e+01
5.435305135233014617e+00,3.014560348320458161e+01
5.440964887510221004e+00,3.032639687006042095e+01
5.446624639787429167e+00,3.174698475426106370e+01
5.452284392064635554e+00,3.283336862413932522e+01
5.457944144341843717e+00,3.339554996802945652e+01
5.463603896619050104e+00,3.462953027426425479e+01
5.469263648896258267e+00,3.536531103117766861e+01
5.474923401173464654e+00,3.563589372710310954e+01
5.480583153450671041e+00,3.540927985037393455e+01
5.486242905727879204e+00,3.575947088932377937e+01
5.491902658005085591e+00,3.725446833228608057e+01
5.497562410282293754e+00,3.878227366759438155e+01
5.503222162559500141e+00,3.981288838358199200e+01
5.508881914836708305e+00,4.112931396858272137e+01
5.514541667113914691e+00,4.193655191092977930e+01
5.520201419391121966e+00,4.283760369895691156e+01
5.525861171668329241e+00,4.329247082099760746e+01
5.531520923945535628e+00,4.467215476538484609e+01
5.537180676222743791e+00,4.583765702045297985e+01
5.542840428499950178e+00,4.694297907453477592e+01
5.548500180777158342e+00,4.880712241596404510e+01
5.554159933054364728e+00,4.924908853307437084e+01
5.559819685331572892e+00,5.003087891419897915e+01
5.565479437608779278e+00,5.117449504767148483e+01
5.571139189885986553e+00,5.169493842182566823e+01
5.576798942163193828e+00,5.340821052499450161e+01
5.582458694440400215e+00,5.582231284551181716e+01
5.588118446717608379e+00,5.753324687171129881e+01
5.593778198994814765e+00,5.838901409192578740e+01
5.599437951272022929e+00,5.879161599448957531e+01
5.605097703549229315e+00,5.911905406773553295e+01
5.610757455826436590e+00,6.043132979999751342e+01
5.616417208103643866e+00,6.183944467960884595e+01
5.622076960380850252e+00,6.346940019490295981e+01
5.627736712658058416e+00,6.529919783421365764e+01
5.633396464935264802e+00,6.721083908587411315e+01
5.639056217212472966e+00,nan
5.644715969489679352e+00,nan
5.650375721766887516e+00,nan
5.656035474044093903e+00,nan
5.661695226321301178e+00,nan
5.667354978598508453e+00,nan
5.673014730875714839e+00,nan
5.678674483152923003e+00,nan
5.684334235430129389e+00,nan
